29 0 17408 1 1 1 0 2 12 5120 17408 1 1 0 0 0 0 0 5120 1 1 1 0 0 0 0 ffn_gate_up_q4_K_k5120_o17408_n1
29 0 17408 2 1 1 0 2 12 5120 17408 1 1 0 0 0 0 0 5120 2 1 1 0 0 0 0 ffn_gate_up_q4_K_k5120_o17408_n2
29 0 17408 3 1 1 0 2 12 5120 17408 1 1 0 0 0 0 0 5120 3 1 1 0 0 0 0 ffn_gate_up_q4_K_k5120_o17408_n3
29 0 17408 4 1 1 0 2 12 5120 17408 1 1 0 0 0 0 0 5120 4 1 1 0 0 0 0 ffn_gate_up_q4_K_k5120_o17408_n4
29 0 17408 5 1 1 0 2 12 5120 17408 1 1 0 0 0 0 0 5120 5 1 1 0 0 0 0 ffn_gate_up_q4_K_k5120_o17408_n5
29 0 17408 6 1 1 0 2 12 5120 17408 1 1 0 0 0 0 0 5120 6 1 1 0 0 0 0 ffn_gate_up_q4_K_k5120_o17408_n6
29 0 17408 7 1 1 0 2 12 5120 17408 1 1 0 0 0 0 0 5120 7 1 1 0 0 0 0 ffn_gate_up_q4_K_k5120_o17408_n7
29 0 17408 8 1 1 0 2 12 5120 17408 1 1 0 0 0 0 0 5120 8 1 1 0 0 0 0 ffn_gate_up_q4_K_k5120_o17408_n8
29 0 5120 1 1 1 0 2 14 17408 5120 1 1 0 0 0 0 0 17408 1 1 1 0 0 0 0 ffn_down_q6_K_k17408_o5120_n1
29 0 5120 2 1 1 0 2 14 17408 5120 1 1 0 0 0 0 0 17408 2 1 1 0 0 0 0 ffn_down_q6_K_k17408_o5120_n2
29 0 5120 3 1 1 0 2 14 17408 5120 1 1 0 0 0 0 0 17408 3 1 1 0 0 0 0 ffn_down_q6_K_k17408_o5120_n3
29 0 5120 4 1 1 0 2 14 17408 5120 1 1 0 0 0 0 0 17408 4 1 1 0 0 0 0 ffn_down_q6_K_k17408_o5120_n4
29 0 5120 5 1 1 0 2 14 17408 5120 1 1 0 0 0 0 0 17408 5 1 1 0 0 0 0 ffn_down_q6_K_k17408_o5120_n5
29 0 5120 6 1 1 0 2 14 17408 5120 1 1 0 0 0 0 0 17408 6 1 1 0 0 0 0 ffn_down_q6_K_k17408_o5120_n6
29 0 5120 7 1 1 0 2 14 17408 5120 1 1 0 0 0 0 0 17408 7 1 1 0 0 0 0 ffn_down_q6_K_k17408_o5120_n7
29 0 5120 8 1 1 0 2 14 17408 5120 1 1 0 0 0 0 0 17408 8 1 1 0 0 0 0 ffn_down_q6_K_k17408_o5120_n8
29 0 10240 1 1 1 0 2 14 5120 10240 1 1 0 0 0 0 0 5120 1 1 1 0 0 0 0 attn_qkv_q6_K_k5120_o10240_n1
29 0 10240 2 1 1 0 2 14 5120 10240 1 1 0 0 0 0 0 5120 2 1 1 0 0 0 0 attn_qkv_q6_K_k5120_o10240_n2
29 0 10240 3 1 1 0 2 14 5120 10240 1 1 0 0 0 0 0 5120 3 1 1 0 0 0 0 attn_qkv_q6_K_k5120_o10240_n3
29 0 10240 4 1 1 0 2 14 5120 10240 1 1 0 0 0 0 0 5120 4 1 1 0 0 0 0 attn_qkv_q6_K_k5120_o10240_n4
29 0 10240 5 1 1 0 2 14 5120 10240 1 1 0 0 0 0 0 5120 5 1 1 0 0 0 0 attn_qkv_q6_K_k5120_o10240_n5
29 0 10240 6 1 1 0 2 14 5120 10240 1 1 0 0 0 0 0 5120 6 1 1 0 0 0 0 attn_qkv_q6_K_k5120_o10240_n6
29 0 10240 7 1 1 0 2 14 5120 10240 1 1 0 0 0 0 0 5120 7 1 1 0 0 0 0 attn_qkv_q6_K_k5120_o10240_n7
29 0 10240 8 1 1 0 2 14 5120 10240 1 1 0 0 0 0 0 5120 8 1 1 0 0 0 0 attn_qkv_q6_K_k5120_o10240_n8
29 0 12288 1 1 1 0 2 12 5120 12288 1 1 0 0 0 0 0 5120 1 1 1 0 0 0 0 attn_q_q4_K_k5120_o12288_n1
29 0 12288 2 1 1 0 2 12 5120 12288 1 1 0 0 0 0 0 5120 2 1 1 0 0 0 0 attn_q_q4_K_k5120_o12288_n2
29 0 12288 3 1 1 0 2 12 5120 12288 1 1 0 0 0 0 0 5120 3 1 1 0 0 0 0 attn_q_q4_K_k5120_o12288_n3
29 0 12288 4 1 1 0 2 12 5120 12288 1 1 0 0 0 0 0 5120 4 1 1 0 0 0 0 attn_q_q4_K_k5120_o12288_n4
29 0 12288 5 1 1 0 2 12 5120 12288 1 1 0 0 0 0 0 5120 5 1 1 0 0 0 0 attn_q_q4_K_k5120_o12288_n5
29 0 12288 6 1 1 0 2 12 5120 12288 1 1 0 0 0 0 0 5120 6 1 1 0 0 0 0 attn_q_q4_K_k5120_o12288_n6
29 0 12288 7 1 1 0 2 12 5120 12288 1 1 0 0 0 0 0 5120 7 1 1 0 0 0 0 attn_q_q4_K_k5120_o12288_n7
29 0 12288 8 1 1 0 2 12 5120 12288 1 1 0 0 0 0 0 5120 8 1 1 0 0 0 0 attn_q_q4_K_k5120_o12288_n8
29 0 6144 1 1 1 0 2 12 5120 6144 1 1 0 0 0 0 0 5120 1 1 1 0 0 0 0 attn_gate_q4_K_k5120_o6144_n1
29 0 6144 2 1 1 0 2 12 5120 6144 1 1 0 0 0 0 0 5120 2 1 1 0 0 0 0 attn_gate_q4_K_k5120_o6144_n2
29 0 6144 3 1 1 0 2 12 5120 6144 1 1 0 0 0 0 0 5120 3 1 1 0 0 0 0 attn_gate_q4_K_k5120_o6144_n3
29 0 6144 4 1 1 0 2 12 5120 6144 1 1 0 0 0 0 0 5120 4 1 1 0 0 0 0 attn_gate_q4_K_k5120_o6144_n4
29 0 6144 5 1 1 0 2 12 5120 6144 1 1 0 0 0 0 0 5120 5 1 1 0 0 0 0 attn_gate_q4_K_k5120_o6144_n5
29 0 6144 6 1 1 0 2 12 5120 6144 1 1 0 0 0 0 0 5120 6 1 1 0 0 0 0 attn_gate_q4_K_k5120_o6144_n6
29 0 6144 7 1 1 0 2 12 5120 6144 1 1 0 0 0 0 0 5120 7 1 1 0 0 0 0 attn_gate_q4_K_k5120_o6144_n7
29 0 6144 8 1 1 0 2 12 5120 6144 1 1 0 0 0 0 0 5120 8 1 1 0 0 0 0 attn_gate_q4_K_k5120_o6144_n8
29 0 5120 1 1 1 0 2 12 6144 5120 1 1 0 0 0 0 0 6144 1 1 1 0 0 0 0 attn_out_q4_K_k6144_o5120_n1
29 0 5120 2 1 1 0 2 12 6144 5120 1 1 0 0 0 0 0 6144 2 1 1 0 0 0 0 attn_out_q4_K_k6144_o5120_n2
29 0 5120 3 1 1 0 2 12 6144 5120 1 1 0 0 0 0 0 6144 3 1 1 0 0 0 0 attn_out_q4_K_k6144_o5120_n3
29 0 5120 4 1 1 0 2 12 6144 5120 1 1 0 0 0 0 0 6144 4 1 1 0 0 0 0 attn_out_q4_K_k6144_o5120_n4
29 0 5120 5 1 1 0 2 12 6144 5120 1 1 0 0 0 0 0 6144 5 1 1 0 0 0 0 attn_out_q4_K_k6144_o5120_n5
29 0 5120 6 1 1 0 2 12 6144 5120 1 1 0 0 0 0 0 6144 6 1 1 0 0 0 0 attn_out_q4_K_k6144_o5120_n6
29 0 5120 7 1 1 0 2 12 6144 5120 1 1 0 0 0 0 0 6144 7 1 1 0 0 0 0 attn_out_q4_K_k6144_o5120_n7
29 0 5120 8 1 1 0 2 12 6144 5120 1 1 0 0 0 0 0 6144 8 1 1 0 0 0 0 attn_out_q4_K_k6144_o5120_n8
29 0 1024 1 1 1 0 2 12 5120 1024 1 1 0 0 0 0 0 5120 1 1 1 0 0 0 0 attn_k_q4_K_k5120_o1024_n1
29 0 1024 2 1 1 0 2 12 5120 1024 1 1 0 0 0 0 0 5120 2 1 1 0 0 0 0 attn_k_q4_K_k5120_o1024_n2
29 0 1024 3 1 1 0 2 12 5120 1024 1 1 0 0 0 0 0 5120 3 1 1 0 0 0 0 attn_k_q4_K_k5120_o1024_n3
29 0 1024 4 1 1 0 2 12 5120 1024 1 1 0 0 0 0 0 5120 4 1 1 0 0 0 0 attn_k_q4_K_k5120_o1024_n4
29 0 1024 5 1 1 0 2 12 5120 1024 1 1 0 0 0 0 0 5120 5 1 1 0 0 0 0 attn_k_q4_K_k5120_o1024_n5
29 0 1024 6 1 1 0 2 12 5120 1024 1 1 0 0 0 0 0 5120 6 1 1 0 0 0 0 attn_k_q4_K_k5120_o1024_n6
29 0 1024 7 1 1 0 2 12 5120 1024 1 1 0 0 0 0 0 5120 7 1 1 0 0 0 0 attn_k_q4_K_k5120_o1024_n7
29 0 1024 8 1 1 0 2 12 5120 1024 1 1 0 0 0 0 0 5120 8 1 1 0 0 0 0 attn_k_q4_K_k5120_o1024_n8
29 0 1024 1 1 1 0 2 14 5120 1024 1 1 0 0 0 0 0 5120 1 1 1 0 0 0 0 attn_v_q6_K_k5120_o1024_n1
29 0 1024 2 1 1 0 2 14 5120 1024 1 1 0 0 0 0 0 5120 2 1 1 0 0 0 0 attn_v_q6_K_k5120_o1024_n2
29 0 1024 3 1 1 0 2 14 5120 1024 1 1 0 0 0 0 0 5120 3 1 1 0 0 0 0 attn_v_q6_K_k5120_o1024_n3
29 0 1024 4 1 1 0 2 14 5120 1024 1 1 0 0 0 0 0 5120 4 1 1 0 0 0 0 attn_v_q6_K_k5120_o1024_n4
29 0 1024 5 1 1 0 2 14 5120 1024 1 1 0 0 0 0 0 5120 5 1 1 0 0 0 0 attn_v_q6_K_k5120_o1024_n5
29 0 1024 6 1 1 0 2 14 5120 1024 1 1 0 0 0 0 0 5120 6 1 1 0 0 0 0 attn_v_q6_K_k5120_o1024_n6
29 0 1024 7 1 1 0 2 14 5120 1024 1 1 0 0 0 0 0 5120 7 1 1 0 0 0 0 attn_v_q6_K_k5120_o1024_n7
29 0 1024 8 1 1 0 2 14 5120 1024 1 1 0 0 0 0 0 5120 8 1 1 0 0 0 0 attn_v_q6_K_k5120_o1024_n8
