29 0 512 1 1 1 0 2 2 5120 512 1 1 0 0 0 0 0 5120 1 1 1 0 0 0 0 q4_0_o512_n1
29 0 512 2 1 1 0 2 2 5120 512 1 1 0 0 0 0 0 5120 2 1 1 0 0 0 0 q4_0_o512_n2
29 0 512 3 1 1 0 2 2 5120 512 1 1 0 0 0 0 0 5120 3 1 1 0 0 0 0 q4_0_o512_n3
29 0 512 4 1 1 0 2 2 5120 512 1 1 0 0 0 0 0 5120 4 1 1 0 0 0 0 q4_0_o512_n4
29 0 512 5 1 1 0 2 2 5120 512 1 1 0 0 0 0 0 5120 5 1 1 0 0 0 0 q4_0_o512_n5
29 0 512 6 1 1 0 2 2 5120 512 1 1 0 0 0 0 0 5120 6 1 1 0 0 0 0 q4_0_o512_n6
29 0 512 7 1 1 0 2 2 5120 512 1 1 0 0 0 0 0 5120 7 1 1 0 0 0 0 q4_0_o512_n7
29 0 512 8 1 1 0 2 2 5120 512 1 1 0 0 0 0 0 5120 8 1 1 0 0 0 0 q4_0_o512_n8
29 0 1024 1 1 1 0 2 2 5120 1024 1 1 0 0 0 0 0 5120 1 1 1 0 0 0 0 q4_0_o1024_n1
29 0 1024 2 1 1 0 2 2 5120 1024 1 1 0 0 0 0 0 5120 2 1 1 0 0 0 0 q4_0_o1024_n2
29 0 1024 3 1 1 0 2 2 5120 1024 1 1 0 0 0 0 0 5120 3 1 1 0 0 0 0 q4_0_o1024_n3
29 0 1024 4 1 1 0 2 2 5120 1024 1 1 0 0 0 0 0 5120 4 1 1 0 0 0 0 q4_0_o1024_n4
29 0 1024 5 1 1 0 2 2 5120 1024 1 1 0 0 0 0 0 5120 5 1 1 0 0 0 0 q4_0_o1024_n5
29 0 1024 6 1 1 0 2 2 5120 1024 1 1 0 0 0 0 0 5120 6 1 1 0 0 0 0 q4_0_o1024_n6
29 0 1024 7 1 1 0 2 2 5120 1024 1 1 0 0 0 0 0 5120 7 1 1 0 0 0 0 q4_0_o1024_n7
29 0 1024 8 1 1 0 2 2 5120 1024 1 1 0 0 0 0 0 5120 8 1 1 0 0 0 0 q4_0_o1024_n8
29 0 2048 1 1 1 0 2 2 5120 2048 1 1 0 0 0 0 0 5120 1 1 1 0 0 0 0 q4_0_o2048_n1
29 0 2048 2 1 1 0 2 2 5120 2048 1 1 0 0 0 0 0 5120 2 1 1 0 0 0 0 q4_0_o2048_n2
29 0 2048 3 1 1 0 2 2 5120 2048 1 1 0 0 0 0 0 5120 3 1 1 0 0 0 0 q4_0_o2048_n3
29 0 2048 4 1 1 0 2 2 5120 2048 1 1 0 0 0 0 0 5120 4 1 1 0 0 0 0 q4_0_o2048_n4
29 0 2048 5 1 1 0 2 2 5120 2048 1 1 0 0 0 0 0 5120 5 1 1 0 0 0 0 q4_0_o2048_n5
29 0 2048 6 1 1 0 2 2 5120 2048 1 1 0 0 0 0 0 5120 6 1 1 0 0 0 0 q4_0_o2048_n6
29 0 2048 7 1 1 0 2 2 5120 2048 1 1 0 0 0 0 0 5120 7 1 1 0 0 0 0 q4_0_o2048_n7
29 0 2048 8 1 1 0 2 2 5120 2048 1 1 0 0 0 0 0 5120 8 1 1 0 0 0 0 q4_0_o2048_n8
29 0 4096 1 1 1 0 2 2 5120 4096 1 1 0 0 0 0 0 5120 1 1 1 0 0 0 0 q4_0_o4096_n1
29 0 4096 2 1 1 0 2 2 5120 4096 1 1 0 0 0 0 0 5120 2 1 1 0 0 0 0 q4_0_o4096_n2
29 0 4096 3 1 1 0 2 2 5120 4096 1 1 0 0 0 0 0 5120 3 1 1 0 0 0 0 q4_0_o4096_n3
29 0 4096 4 1 1 0 2 2 5120 4096 1 1 0 0 0 0 0 5120 4 1 1 0 0 0 0 q4_0_o4096_n4
29 0 4096 5 1 1 0 2 2 5120 4096 1 1 0 0 0 0 0 5120 5 1 1 0 0 0 0 q4_0_o4096_n5
29 0 4096 6 1 1 0 2 2 5120 4096 1 1 0 0 0 0 0 5120 6 1 1 0 0 0 0 q4_0_o4096_n6
29 0 4096 7 1 1 0 2 2 5120 4096 1 1 0 0 0 0 0 5120 7 1 1 0 0 0 0 q4_0_o4096_n7
29 0 4096 8 1 1 0 2 2 5120 4096 1 1 0 0 0 0 0 5120 8 1 1 0 0 0 0 q4_0_o4096_n8
29 0 8192 1 1 1 0 2 2 5120 8192 1 1 0 0 0 0 0 5120 1 1 1 0 0 0 0 q4_0_o8192_n1
29 0 8192 2 1 1 0 2 2 5120 8192 1 1 0 0 0 0 0 5120 2 1 1 0 0 0 0 q4_0_o8192_n2
29 0 8192 3 1 1 0 2 2 5120 8192 1 1 0 0 0 0 0 5120 3 1 1 0 0 0 0 q4_0_o8192_n3
29 0 8192 4 1 1 0 2 2 5120 8192 1 1 0 0 0 0 0 5120 4 1 1 0 0 0 0 q4_0_o8192_n4
29 0 8192 5 1 1 0 2 2 5120 8192 1 1 0 0 0 0 0 5120 5 1 1 0 0 0 0 q4_0_o8192_n5
29 0 8192 6 1 1 0 2 2 5120 8192 1 1 0 0 0 0 0 5120 6 1 1 0 0 0 0 q4_0_o8192_n6
29 0 8192 7 1 1 0 2 2 5120 8192 1 1 0 0 0 0 0 5120 7 1 1 0 0 0 0 q4_0_o8192_n7
29 0 8192 8 1 1 0 2 2 5120 8192 1 1 0 0 0 0 0 5120 8 1 1 0 0 0 0 q4_0_o8192_n8
29 0 17408 1 1 1 0 2 2 5120 17408 1 1 0 0 0 0 0 5120 1 1 1 0 0 0 0 q4_0_o17408_n1
29 0 17408 2 1 1 0 2 2 5120 17408 1 1 0 0 0 0 0 5120 2 1 1 0 0 0 0 q4_0_o17408_n2
29 0 17408 3 1 1 0 2 2 5120 17408 1 1 0 0 0 0 0 5120 3 1 1 0 0 0 0 q4_0_o17408_n3
29 0 17408 4 1 1 0 2 2 5120 17408 1 1 0 0 0 0 0 5120 4 1 1 0 0 0 0 q4_0_o17408_n4
29 0 17408 5 1 1 0 2 2 5120 17408 1 1 0 0 0 0 0 5120 5 1 1 0 0 0 0 q4_0_o17408_n5
29 0 17408 6 1 1 0 2 2 5120 17408 1 1 0 0 0 0 0 5120 6 1 1 0 0 0 0 q4_0_o17408_n6
29 0 17408 7 1 1 0 2 2 5120 17408 1 1 0 0 0 0 0 5120 7 1 1 0 0 0 0 q4_0_o17408_n7
29 0 17408 8 1 1 0 2 2 5120 17408 1 1 0 0 0 0 0 5120 8 1 1 0 0 0 0 q4_0_o17408_n8
29 0 512 1 1 1 0 2 8 5120 512 1 1 0 0 0 0 0 5120 1 1 1 0 0 0 0 q8_0_o512_n1
29 0 512 2 1 1 0 2 8 5120 512 1 1 0 0 0 0 0 5120 2 1 1 0 0 0 0 q8_0_o512_n2
29 0 512 3 1 1 0 2 8 5120 512 1 1 0 0 0 0 0 5120 3 1 1 0 0 0 0 q8_0_o512_n3
29 0 512 4 1 1 0 2 8 5120 512 1 1 0 0 0 0 0 5120 4 1 1 0 0 0 0 q8_0_o512_n4
29 0 512 5 1 1 0 2 8 5120 512 1 1 0 0 0 0 0 5120 5 1 1 0 0 0 0 q8_0_o512_n5
29 0 512 6 1 1 0 2 8 5120 512 1 1 0 0 0 0 0 5120 6 1 1 0 0 0 0 q8_0_o512_n6
29 0 512 7 1 1 0 2 8 5120 512 1 1 0 0 0 0 0 5120 7 1 1 0 0 0 0 q8_0_o512_n7
29 0 512 8 1 1 0 2 8 5120 512 1 1 0 0 0 0 0 5120 8 1 1 0 0 0 0 q8_0_o512_n8
29 0 1024 1 1 1 0 2 8 5120 1024 1 1 0 0 0 0 0 5120 1 1 1 0 0 0 0 q8_0_o1024_n1
29 0 1024 2 1 1 0 2 8 5120 1024 1 1 0 0 0 0 0 5120 2 1 1 0 0 0 0 q8_0_o1024_n2
29 0 1024 3 1 1 0 2 8 5120 1024 1 1 0 0 0 0 0 5120 3 1 1 0 0 0 0 q8_0_o1024_n3
29 0 1024 4 1 1 0 2 8 5120 1024 1 1 0 0 0 0 0 5120 4 1 1 0 0 0 0 q8_0_o1024_n4
29 0 1024 5 1 1 0 2 8 5120 1024 1 1 0 0 0 0 0 5120 5 1 1 0 0 0 0 q8_0_o1024_n5
29 0 1024 6 1 1 0 2 8 5120 1024 1 1 0 0 0 0 0 5120 6 1 1 0 0 0 0 q8_0_o1024_n6
29 0 1024 7 1 1 0 2 8 5120 1024 1 1 0 0 0 0 0 5120 7 1 1 0 0 0 0 q8_0_o1024_n7
29 0 1024 8 1 1 0 2 8 5120 1024 1 1 0 0 0 0 0 5120 8 1 1 0 0 0 0 q8_0_o1024_n8
29 0 2048 1 1 1 0 2 8 5120 2048 1 1 0 0 0 0 0 5120 1 1 1 0 0 0 0 q8_0_o2048_n1
29 0 2048 2 1 1 0 2 8 5120 2048 1 1 0 0 0 0 0 5120 2 1 1 0 0 0 0 q8_0_o2048_n2
29 0 2048 3 1 1 0 2 8 5120 2048 1 1 0 0 0 0 0 5120 3 1 1 0 0 0 0 q8_0_o2048_n3
29 0 2048 4 1 1 0 2 8 5120 2048 1 1 0 0 0 0 0 5120 4 1 1 0 0 0 0 q8_0_o2048_n4
29 0 2048 5 1 1 0 2 8 5120 2048 1 1 0 0 0 0 0 5120 5 1 1 0 0 0 0 q8_0_o2048_n5
29 0 2048 6 1 1 0 2 8 5120 2048 1 1 0 0 0 0 0 5120 6 1 1 0 0 0 0 q8_0_o2048_n6
29 0 2048 7 1 1 0 2 8 5120 2048 1 1 0 0 0 0 0 5120 7 1 1 0 0 0 0 q8_0_o2048_n7
29 0 2048 8 1 1 0 2 8 5120 2048 1 1 0 0 0 0 0 5120 8 1 1 0 0 0 0 q8_0_o2048_n8
29 0 4096 1 1 1 0 2 8 5120 4096 1 1 0 0 0 0 0 5120 1 1 1 0 0 0 0 q8_0_o4096_n1
29 0 4096 2 1 1 0 2 8 5120 4096 1 1 0 0 0 0 0 5120 2 1 1 0 0 0 0 q8_0_o4096_n2
29 0 4096 3 1 1 0 2 8 5120 4096 1 1 0 0 0 0 0 5120 3 1 1 0 0 0 0 q8_0_o4096_n3
29 0 4096 4 1 1 0 2 8 5120 4096 1 1 0 0 0 0 0 5120 4 1 1 0 0 0 0 q8_0_o4096_n4
29 0 4096 5 1 1 0 2 8 5120 4096 1 1 0 0 0 0 0 5120 5 1 1 0 0 0 0 q8_0_o4096_n5
29 0 4096 6 1 1 0 2 8 5120 4096 1 1 0 0 0 0 0 5120 6 1 1 0 0 0 0 q8_0_o4096_n6
29 0 4096 7 1 1 0 2 8 5120 4096 1 1 0 0 0 0 0 5120 7 1 1 0 0 0 0 q8_0_o4096_n7
29 0 4096 8 1 1 0 2 8 5120 4096 1 1 0 0 0 0 0 5120 8 1 1 0 0 0 0 q8_0_o4096_n8
29 0 8192 1 1 1 0 2 8 5120 8192 1 1 0 0 0 0 0 5120 1 1 1 0 0 0 0 q8_0_o8192_n1
29 0 8192 2 1 1 0 2 8 5120 8192 1 1 0 0 0 0 0 5120 2 1 1 0 0 0 0 q8_0_o8192_n2
29 0 8192 3 1 1 0 2 8 5120 8192 1 1 0 0 0 0 0 5120 3 1 1 0 0 0 0 q8_0_o8192_n3
29 0 8192 4 1 1 0 2 8 5120 8192 1 1 0 0 0 0 0 5120 4 1 1 0 0 0 0 q8_0_o8192_n4
29 0 8192 5 1 1 0 2 8 5120 8192 1 1 0 0 0 0 0 5120 5 1 1 0 0 0 0 q8_0_o8192_n5
29 0 8192 6 1 1 0 2 8 5120 8192 1 1 0 0 0 0 0 5120 6 1 1 0 0 0 0 q8_0_o8192_n6
29 0 8192 7 1 1 0 2 8 5120 8192 1 1 0 0 0 0 0 5120 7 1 1 0 0 0 0 q8_0_o8192_n7
29 0 8192 8 1 1 0 2 8 5120 8192 1 1 0 0 0 0 0 5120 8 1 1 0 0 0 0 q8_0_o8192_n8
29 0 17408 1 1 1 0 2 8 5120 17408 1 1 0 0 0 0 0 5120 1 1 1 0 0 0 0 q8_0_o17408_n1
29 0 17408 2 1 1 0 2 8 5120 17408 1 1 0 0 0 0 0 5120 2 1 1 0 0 0 0 q8_0_o17408_n2
29 0 17408 3 1 1 0 2 8 5120 17408 1 1 0 0 0 0 0 5120 3 1 1 0 0 0 0 q8_0_o17408_n3
29 0 17408 4 1 1 0 2 8 5120 17408 1 1 0 0 0 0 0 5120 4 1 1 0 0 0 0 q8_0_o17408_n4
29 0 17408 5 1 1 0 2 8 5120 17408 1 1 0 0 0 0 0 5120 5 1 1 0 0 0 0 q8_0_o17408_n5
29 0 17408 6 1 1 0 2 8 5120 17408 1 1 0 0 0 0 0 5120 6 1 1 0 0 0 0 q8_0_o17408_n6
29 0 17408 7 1 1 0 2 8 5120 17408 1 1 0 0 0 0 0 5120 7 1 1 0 0 0 0 q8_0_o17408_n7
29 0 17408 8 1 1 0 2 8 5120 17408 1 1 0 0 0 0 0 5120 8 1 1 0 0 0 0 q8_0_o17408_n8
29 0 512 1 1 1 0 2 10 5120 512 1 1 0 0 0 0 0 5120 1 1 1 0 0 0 0 q2_K_o512_n1
29 0 512 2 1 1 0 2 10 5120 512 1 1 0 0 0 0 0 5120 2 1 1 0 0 0 0 q2_K_o512_n2
29 0 512 3 1 1 0 2 10 5120 512 1 1 0 0 0 0 0 5120 3 1 1 0 0 0 0 q2_K_o512_n3
29 0 512 4 1 1 0 2 10 5120 512 1 1 0 0 0 0 0 5120 4 1 1 0 0 0 0 q2_K_o512_n4
29 0 512 5 1 1 0 2 10 5120 512 1 1 0 0 0 0 0 5120 5 1 1 0 0 0 0 q2_K_o512_n5
29 0 512 6 1 1 0 2 10 5120 512 1 1 0 0 0 0 0 5120 6 1 1 0 0 0 0 q2_K_o512_n6
29 0 512 7 1 1 0 2 10 5120 512 1 1 0 0 0 0 0 5120 7 1 1 0 0 0 0 q2_K_o512_n7
29 0 512 8 1 1 0 2 10 5120 512 1 1 0 0 0 0 0 5120 8 1 1 0 0 0 0 q2_K_o512_n8
29 0 1024 1 1 1 0 2 10 5120 1024 1 1 0 0 0 0 0 5120 1 1 1 0 0 0 0 q2_K_o1024_n1
29 0 1024 2 1 1 0 2 10 5120 1024 1 1 0 0 0 0 0 5120 2 1 1 0 0 0 0 q2_K_o1024_n2
29 0 1024 3 1 1 0 2 10 5120 1024 1 1 0 0 0 0 0 5120 3 1 1 0 0 0 0 q2_K_o1024_n3
29 0 1024 4 1 1 0 2 10 5120 1024 1 1 0 0 0 0 0 5120 4 1 1 0 0 0 0 q2_K_o1024_n4
29 0 1024 5 1 1 0 2 10 5120 1024 1 1 0 0 0 0 0 5120 5 1 1 0 0 0 0 q2_K_o1024_n5
29 0 1024 6 1 1 0 2 10 5120 1024 1 1 0 0 0 0 0 5120 6 1 1 0 0 0 0 q2_K_o1024_n6
29 0 1024 7 1 1 0 2 10 5120 1024 1 1 0 0 0 0 0 5120 7 1 1 0 0 0 0 q2_K_o1024_n7
29 0 1024 8 1 1 0 2 10 5120 1024 1 1 0 0 0 0 0 5120 8 1 1 0 0 0 0 q2_K_o1024_n8
29 0 2048 1 1 1 0 2 10 5120 2048 1 1 0 0 0 0 0 5120 1 1 1 0 0 0 0 q2_K_o2048_n1
29 0 2048 2 1 1 0 2 10 5120 2048 1 1 0 0 0 0 0 5120 2 1 1 0 0 0 0 q2_K_o2048_n2
29 0 2048 3 1 1 0 2 10 5120 2048 1 1 0 0 0 0 0 5120 3 1 1 0 0 0 0 q2_K_o2048_n3
29 0 2048 4 1 1 0 2 10 5120 2048 1 1 0 0 0 0 0 5120 4 1 1 0 0 0 0 q2_K_o2048_n4
29 0 2048 5 1 1 0 2 10 5120 2048 1 1 0 0 0 0 0 5120 5 1 1 0 0 0 0 q2_K_o2048_n5
29 0 2048 6 1 1 0 2 10 5120 2048 1 1 0 0 0 0 0 5120 6 1 1 0 0 0 0 q2_K_o2048_n6
29 0 2048 7 1 1 0 2 10 5120 2048 1 1 0 0 0 0 0 5120 7 1 1 0 0 0 0 q2_K_o2048_n7
29 0 2048 8 1 1 0 2 10 5120 2048 1 1 0 0 0 0 0 5120 8 1 1 0 0 0 0 q2_K_o2048_n8
29 0 4096 1 1 1 0 2 10 5120 4096 1 1 0 0 0 0 0 5120 1 1 1 0 0 0 0 q2_K_o4096_n1
29 0 4096 2 1 1 0 2 10 5120 4096 1 1 0 0 0 0 0 5120 2 1 1 0 0 0 0 q2_K_o4096_n2
29 0 4096 3 1 1 0 2 10 5120 4096 1 1 0 0 0 0 0 5120 3 1 1 0 0 0 0 q2_K_o4096_n3
29 0 4096 4 1 1 0 2 10 5120 4096 1 1 0 0 0 0 0 5120 4 1 1 0 0 0 0 q2_K_o4096_n4
29 0 4096 5 1 1 0 2 10 5120 4096 1 1 0 0 0 0 0 5120 5 1 1 0 0 0 0 q2_K_o4096_n5
29 0 4096 6 1 1 0 2 10 5120 4096 1 1 0 0 0 0 0 5120 6 1 1 0 0 0 0 q2_K_o4096_n6
29 0 4096 7 1 1 0 2 10 5120 4096 1 1 0 0 0 0 0 5120 7 1 1 0 0 0 0 q2_K_o4096_n7
29 0 4096 8 1 1 0 2 10 5120 4096 1 1 0 0 0 0 0 5120 8 1 1 0 0 0 0 q2_K_o4096_n8
29 0 8192 1 1 1 0 2 10 5120 8192 1 1 0 0 0 0 0 5120 1 1 1 0 0 0 0 q2_K_o8192_n1
29 0 8192 2 1 1 0 2 10 5120 8192 1 1 0 0 0 0 0 5120 2 1 1 0 0 0 0 q2_K_o8192_n2
29 0 8192 3 1 1 0 2 10 5120 8192 1 1 0 0 0 0 0 5120 3 1 1 0 0 0 0 q2_K_o8192_n3
29 0 8192 4 1 1 0 2 10 5120 8192 1 1 0 0 0 0 0 5120 4 1 1 0 0 0 0 q2_K_o8192_n4
29 0 8192 5 1 1 0 2 10 5120 8192 1 1 0 0 0 0 0 5120 5 1 1 0 0 0 0 q2_K_o8192_n5
29 0 8192 6 1 1 0 2 10 5120 8192 1 1 0 0 0 0 0 5120 6 1 1 0 0 0 0 q2_K_o8192_n6
29 0 8192 7 1 1 0 2 10 5120 8192 1 1 0 0 0 0 0 5120 7 1 1 0 0 0 0 q2_K_o8192_n7
29 0 8192 8 1 1 0 2 10 5120 8192 1 1 0 0 0 0 0 5120 8 1 1 0 0 0 0 q2_K_o8192_n8
29 0 17408 1 1 1 0 2 10 5120 17408 1 1 0 0 0 0 0 5120 1 1 1 0 0 0 0 q2_K_o17408_n1
29 0 17408 2 1 1 0 2 10 5120 17408 1 1 0 0 0 0 0 5120 2 1 1 0 0 0 0 q2_K_o17408_n2
29 0 17408 3 1 1 0 2 10 5120 17408 1 1 0 0 0 0 0 5120 3 1 1 0 0 0 0 q2_K_o17408_n3
29 0 17408 4 1 1 0 2 10 5120 17408 1 1 0 0 0 0 0 5120 4 1 1 0 0 0 0 q2_K_o17408_n4
29 0 17408 5 1 1 0 2 10 5120 17408 1 1 0 0 0 0 0 5120 5 1 1 0 0 0 0 q2_K_o17408_n5
29 0 17408 6 1 1 0 2 10 5120 17408 1 1 0 0 0 0 0 5120 6 1 1 0 0 0 0 q2_K_o17408_n6
29 0 17408 7 1 1 0 2 10 5120 17408 1 1 0 0 0 0 0 5120 7 1 1 0 0 0 0 q2_K_o17408_n7
29 0 17408 8 1 1 0 2 10 5120 17408 1 1 0 0 0 0 0 5120 8 1 1 0 0 0 0 q2_K_o17408_n8
29 0 512 1 1 1 0 2 11 5120 512 1 1 0 0 0 0 0 5120 1 1 1 0 0 0 0 q3_K_o512_n1
29 0 512 2 1 1 0 2 11 5120 512 1 1 0 0 0 0 0 5120 2 1 1 0 0 0 0 q3_K_o512_n2
29 0 512 3 1 1 0 2 11 5120 512 1 1 0 0 0 0 0 5120 3 1 1 0 0 0 0 q3_K_o512_n3
29 0 512 4 1 1 0 2 11 5120 512 1 1 0 0 0 0 0 5120 4 1 1 0 0 0 0 q3_K_o512_n4
29 0 512 5 1 1 0 2 11 5120 512 1 1 0 0 0 0 0 5120 5 1 1 0 0 0 0 q3_K_o512_n5
29 0 512 6 1 1 0 2 11 5120 512 1 1 0 0 0 0 0 5120 6 1 1 0 0 0 0 q3_K_o512_n6
29 0 512 7 1 1 0 2 11 5120 512 1 1 0 0 0 0 0 5120 7 1 1 0 0 0 0 q3_K_o512_n7
29 0 512 8 1 1 0 2 11 5120 512 1 1 0 0 0 0 0 5120 8 1 1 0 0 0 0 q3_K_o512_n8
29 0 1024 1 1 1 0 2 11 5120 1024 1 1 0 0 0 0 0 5120 1 1 1 0 0 0 0 q3_K_o1024_n1
29 0 1024 2 1 1 0 2 11 5120 1024 1 1 0 0 0 0 0 5120 2 1 1 0 0 0 0 q3_K_o1024_n2
29 0 1024 3 1 1 0 2 11 5120 1024 1 1 0 0 0 0 0 5120 3 1 1 0 0 0 0 q3_K_o1024_n3
29 0 1024 4 1 1 0 2 11 5120 1024 1 1 0 0 0 0 0 5120 4 1 1 0 0 0 0 q3_K_o1024_n4
29 0 1024 5 1 1 0 2 11 5120 1024 1 1 0 0 0 0 0 5120 5 1 1 0 0 0 0 q3_K_o1024_n5
29 0 1024 6 1 1 0 2 11 5120 1024 1 1 0 0 0 0 0 5120 6 1 1 0 0 0 0 q3_K_o1024_n6
29 0 1024 7 1 1 0 2 11 5120 1024 1 1 0 0 0 0 0 5120 7 1 1 0 0 0 0 q3_K_o1024_n7
29 0 1024 8 1 1 0 2 11 5120 1024 1 1 0 0 0 0 0 5120 8 1 1 0 0 0 0 q3_K_o1024_n8
29 0 2048 1 1 1 0 2 11 5120 2048 1 1 0 0 0 0 0 5120 1 1 1 0 0 0 0 q3_K_o2048_n1
29 0 2048 2 1 1 0 2 11 5120 2048 1 1 0 0 0 0 0 5120 2 1 1 0 0 0 0 q3_K_o2048_n2
29 0 2048 3 1 1 0 2 11 5120 2048 1 1 0 0 0 0 0 5120 3 1 1 0 0 0 0 q3_K_o2048_n3
29 0 2048 4 1 1 0 2 11 5120 2048 1 1 0 0 0 0 0 5120 4 1 1 0 0 0 0 q3_K_o2048_n4
29 0 2048 5 1 1 0 2 11 5120 2048 1 1 0 0 0 0 0 5120 5 1 1 0 0 0 0 q3_K_o2048_n5
29 0 2048 6 1 1 0 2 11 5120 2048 1 1 0 0 0 0 0 5120 6 1 1 0 0 0 0 q3_K_o2048_n6
29 0 2048 7 1 1 0 2 11 5120 2048 1 1 0 0 0 0 0 5120 7 1 1 0 0 0 0 q3_K_o2048_n7
29 0 2048 8 1 1 0 2 11 5120 2048 1 1 0 0 0 0 0 5120 8 1 1 0 0 0 0 q3_K_o2048_n8
29 0 4096 1 1 1 0 2 11 5120 4096 1 1 0 0 0 0 0 5120 1 1 1 0 0 0 0 q3_K_o4096_n1
29 0 4096 2 1 1 0 2 11 5120 4096 1 1 0 0 0 0 0 5120 2 1 1 0 0 0 0 q3_K_o4096_n2
29 0 4096 3 1 1 0 2 11 5120 4096 1 1 0 0 0 0 0 5120 3 1 1 0 0 0 0 q3_K_o4096_n3
29 0 4096 4 1 1 0 2 11 5120 4096 1 1 0 0 0 0 0 5120 4 1 1 0 0 0 0 q3_K_o4096_n4
29 0 4096 5 1 1 0 2 11 5120 4096 1 1 0 0 0 0 0 5120 5 1 1 0 0 0 0 q3_K_o4096_n5
29 0 4096 6 1 1 0 2 11 5120 4096 1 1 0 0 0 0 0 5120 6 1 1 0 0 0 0 q3_K_o4096_n6
29 0 4096 7 1 1 0 2 11 5120 4096 1 1 0 0 0 0 0 5120 7 1 1 0 0 0 0 q3_K_o4096_n7
29 0 4096 8 1 1 0 2 11 5120 4096 1 1 0 0 0 0 0 5120 8 1 1 0 0 0 0 q3_K_o4096_n8
29 0 8192 1 1 1 0 2 11 5120 8192 1 1 0 0 0 0 0 5120 1 1 1 0 0 0 0 q3_K_o8192_n1
29 0 8192 2 1 1 0 2 11 5120 8192 1 1 0 0 0 0 0 5120 2 1 1 0 0 0 0 q3_K_o8192_n2
29 0 8192 3 1 1 0 2 11 5120 8192 1 1 0 0 0 0 0 5120 3 1 1 0 0 0 0 q3_K_o8192_n3
29 0 8192 4 1 1 0 2 11 5120 8192 1 1 0 0 0 0 0 5120 4 1 1 0 0 0 0 q3_K_o8192_n4
29 0 8192 5 1 1 0 2 11 5120 8192 1 1 0 0 0 0 0 5120 5 1 1 0 0 0 0 q3_K_o8192_n5
29 0 8192 6 1 1 0 2 11 5120 8192 1 1 0 0 0 0 0 5120 6 1 1 0 0 0 0 q3_K_o8192_n6
29 0 8192 7 1 1 0 2 11 5120 8192 1 1 0 0 0 0 0 5120 7 1 1 0 0 0 0 q3_K_o8192_n7
29 0 8192 8 1 1 0 2 11 5120 8192 1 1 0 0 0 0 0 5120 8 1 1 0 0 0 0 q3_K_o8192_n8
29 0 17408 1 1 1 0 2 11 5120 17408 1 1 0 0 0 0 0 5120 1 1 1 0 0 0 0 q3_K_o17408_n1
29 0 17408 2 1 1 0 2 11 5120 17408 1 1 0 0 0 0 0 5120 2 1 1 0 0 0 0 q3_K_o17408_n2
29 0 17408 3 1 1 0 2 11 5120 17408 1 1 0 0 0 0 0 5120 3 1 1 0 0 0 0 q3_K_o17408_n3
29 0 17408 4 1 1 0 2 11 5120 17408 1 1 0 0 0 0 0 5120 4 1 1 0 0 0 0 q3_K_o17408_n4
29 0 17408 5 1 1 0 2 11 5120 17408 1 1 0 0 0 0 0 5120 5 1 1 0 0 0 0 q3_K_o17408_n5
29 0 17408 6 1 1 0 2 11 5120 17408 1 1 0 0 0 0 0 5120 6 1 1 0 0 0 0 q3_K_o17408_n6
29 0 17408 7 1 1 0 2 11 5120 17408 1 1 0 0 0 0 0 5120 7 1 1 0 0 0 0 q3_K_o17408_n7
29 0 17408 8 1 1 0 2 11 5120 17408 1 1 0 0 0 0 0 5120 8 1 1 0 0 0 0 q3_K_o17408_n8
29 0 512 1 1 1 0 2 12 5120 512 1 1 0 0 0 0 0 5120 1 1 1 0 0 0 0 q4_K_o512_n1
29 0 512 2 1 1 0 2 12 5120 512 1 1 0 0 0 0 0 5120 2 1 1 0 0 0 0 q4_K_o512_n2
29 0 512 3 1 1 0 2 12 5120 512 1 1 0 0 0 0 0 5120 3 1 1 0 0 0 0 q4_K_o512_n3
29 0 512 4 1 1 0 2 12 5120 512 1 1 0 0 0 0 0 5120 4 1 1 0 0 0 0 q4_K_o512_n4
29 0 512 5 1 1 0 2 12 5120 512 1 1 0 0 0 0 0 5120 5 1 1 0 0 0 0 q4_K_o512_n5
29 0 512 6 1 1 0 2 12 5120 512 1 1 0 0 0 0 0 5120 6 1 1 0 0 0 0 q4_K_o512_n6
29 0 512 7 1 1 0 2 12 5120 512 1 1 0 0 0 0 0 5120 7 1 1 0 0 0 0 q4_K_o512_n7
29 0 512 8 1 1 0 2 12 5120 512 1 1 0 0 0 0 0 5120 8 1 1 0 0 0 0 q4_K_o512_n8
29 0 1024 1 1 1 0 2 12 5120 1024 1 1 0 0 0 0 0 5120 1 1 1 0 0 0 0 q4_K_o1024_n1
29 0 1024 2 1 1 0 2 12 5120 1024 1 1 0 0 0 0 0 5120 2 1 1 0 0 0 0 q4_K_o1024_n2
29 0 1024 3 1 1 0 2 12 5120 1024 1 1 0 0 0 0 0 5120 3 1 1 0 0 0 0 q4_K_o1024_n3
29 0 1024 4 1 1 0 2 12 5120 1024 1 1 0 0 0 0 0 5120 4 1 1 0 0 0 0 q4_K_o1024_n4
29 0 1024 5 1 1 0 2 12 5120 1024 1 1 0 0 0 0 0 5120 5 1 1 0 0 0 0 q4_K_o1024_n5
29 0 1024 6 1 1 0 2 12 5120 1024 1 1 0 0 0 0 0 5120 6 1 1 0 0 0 0 q4_K_o1024_n6
29 0 1024 7 1 1 0 2 12 5120 1024 1 1 0 0 0 0 0 5120 7 1 1 0 0 0 0 q4_K_o1024_n7
29 0 1024 8 1 1 0 2 12 5120 1024 1 1 0 0 0 0 0 5120 8 1 1 0 0 0 0 q4_K_o1024_n8
29 0 2048 1 1 1 0 2 12 5120 2048 1 1 0 0 0 0 0 5120 1 1 1 0 0 0 0 q4_K_o2048_n1
29 0 2048 2 1 1 0 2 12 5120 2048 1 1 0 0 0 0 0 5120 2 1 1 0 0 0 0 q4_K_o2048_n2
29 0 2048 3 1 1 0 2 12 5120 2048 1 1 0 0 0 0 0 5120 3 1 1 0 0 0 0 q4_K_o2048_n3
29 0 2048 4 1 1 0 2 12 5120 2048 1 1 0 0 0 0 0 5120 4 1 1 0 0 0 0 q4_K_o2048_n4
29 0 2048 5 1 1 0 2 12 5120 2048 1 1 0 0 0 0 0 5120 5 1 1 0 0 0 0 q4_K_o2048_n5
29 0 2048 6 1 1 0 2 12 5120 2048 1 1 0 0 0 0 0 5120 6 1 1 0 0 0 0 q4_K_o2048_n6
29 0 2048 7 1 1 0 2 12 5120 2048 1 1 0 0 0 0 0 5120 7 1 1 0 0 0 0 q4_K_o2048_n7
29 0 2048 8 1 1 0 2 12 5120 2048 1 1 0 0 0 0 0 5120 8 1 1 0 0 0 0 q4_K_o2048_n8
29 0 4096 1 1 1 0 2 12 5120 4096 1 1 0 0 0 0 0 5120 1 1 1 0 0 0 0 q4_K_o4096_n1
29 0 4096 2 1 1 0 2 12 5120 4096 1 1 0 0 0 0 0 5120 2 1 1 0 0 0 0 q4_K_o4096_n2
29 0 4096 3 1 1 0 2 12 5120 4096 1 1 0 0 0 0 0 5120 3 1 1 0 0 0 0 q4_K_o4096_n3
29 0 4096 4 1 1 0 2 12 5120 4096 1 1 0 0 0 0 0 5120 4 1 1 0 0 0 0 q4_K_o4096_n4
29 0 4096 5 1 1 0 2 12 5120 4096 1 1 0 0 0 0 0 5120 5 1 1 0 0 0 0 q4_K_o4096_n5
29 0 4096 6 1 1 0 2 12 5120 4096 1 1 0 0 0 0 0 5120 6 1 1 0 0 0 0 q4_K_o4096_n6
29 0 4096 7 1 1 0 2 12 5120 4096 1 1 0 0 0 0 0 5120 7 1 1 0 0 0 0 q4_K_o4096_n7
29 0 4096 8 1 1 0 2 12 5120 4096 1 1 0 0 0 0 0 5120 8 1 1 0 0 0 0 q4_K_o4096_n8
29 0 8192 1 1 1 0 2 12 5120 8192 1 1 0 0 0 0 0 5120 1 1 1 0 0 0 0 q4_K_o8192_n1
29 0 8192 2 1 1 0 2 12 5120 8192 1 1 0 0 0 0 0 5120 2 1 1 0 0 0 0 q4_K_o8192_n2
29 0 8192 3 1 1 0 2 12 5120 8192 1 1 0 0 0 0 0 5120 3 1 1 0 0 0 0 q4_K_o8192_n3
29 0 8192 4 1 1 0 2 12 5120 8192 1 1 0 0 0 0 0 5120 4 1 1 0 0 0 0 q4_K_o8192_n4
29 0 8192 5 1 1 0 2 12 5120 8192 1 1 0 0 0 0 0 5120 5 1 1 0 0 0 0 q4_K_o8192_n5
29 0 8192 6 1 1 0 2 12 5120 8192 1 1 0 0 0 0 0 5120 6 1 1 0 0 0 0 q4_K_o8192_n6
29 0 8192 7 1 1 0 2 12 5120 8192 1 1 0 0 0 0 0 5120 7 1 1 0 0 0 0 q4_K_o8192_n7
29 0 8192 8 1 1 0 2 12 5120 8192 1 1 0 0 0 0 0 5120 8 1 1 0 0 0 0 q4_K_o8192_n8
29 0 17408 1 1 1 0 2 12 5120 17408 1 1 0 0 0 0 0 5120 1 1 1 0 0 0 0 q4_K_o17408_n1
29 0 17408 2 1 1 0 2 12 5120 17408 1 1 0 0 0 0 0 5120 2 1 1 0 0 0 0 q4_K_o17408_n2
29 0 17408 3 1 1 0 2 12 5120 17408 1 1 0 0 0 0 0 5120 3 1 1 0 0 0 0 q4_K_o17408_n3
29 0 17408 4 1 1 0 2 12 5120 17408 1 1 0 0 0 0 0 5120 4 1 1 0 0 0 0 q4_K_o17408_n4
29 0 17408 5 1 1 0 2 12 5120 17408 1 1 0 0 0 0 0 5120 5 1 1 0 0 0 0 q4_K_o17408_n5
29 0 17408 6 1 1 0 2 12 5120 17408 1 1 0 0 0 0 0 5120 6 1 1 0 0 0 0 q4_K_o17408_n6
29 0 17408 7 1 1 0 2 12 5120 17408 1 1 0 0 0 0 0 5120 7 1 1 0 0 0 0 q4_K_o17408_n7
29 0 17408 8 1 1 0 2 12 5120 17408 1 1 0 0 0 0 0 5120 8 1 1 0 0 0 0 q4_K_o17408_n8
29 0 512 1 1 1 0 2 14 5120 512 1 1 0 0 0 0 0 5120 1 1 1 0 0 0 0 q6_K_o512_n1
29 0 512 2 1 1 0 2 14 5120 512 1 1 0 0 0 0 0 5120 2 1 1 0 0 0 0 q6_K_o512_n2
29 0 512 3 1 1 0 2 14 5120 512 1 1 0 0 0 0 0 5120 3 1 1 0 0 0 0 q6_K_o512_n3
29 0 512 4 1 1 0 2 14 5120 512 1 1 0 0 0 0 0 5120 4 1 1 0 0 0 0 q6_K_o512_n4
29 0 512 5 1 1 0 2 14 5120 512 1 1 0 0 0 0 0 5120 5 1 1 0 0 0 0 q6_K_o512_n5
29 0 512 6 1 1 0 2 14 5120 512 1 1 0 0 0 0 0 5120 6 1 1 0 0 0 0 q6_K_o512_n6
29 0 512 7 1 1 0 2 14 5120 512 1 1 0 0 0 0 0 5120 7 1 1 0 0 0 0 q6_K_o512_n7
29 0 512 8 1 1 0 2 14 5120 512 1 1 0 0 0 0 0 5120 8 1 1 0 0 0 0 q6_K_o512_n8
29 0 1024 1 1 1 0 2 14 5120 1024 1 1 0 0 0 0 0 5120 1 1 1 0 0 0 0 q6_K_o1024_n1
29 0 1024 2 1 1 0 2 14 5120 1024 1 1 0 0 0 0 0 5120 2 1 1 0 0 0 0 q6_K_o1024_n2
29 0 1024 3 1 1 0 2 14 5120 1024 1 1 0 0 0 0 0 5120 3 1 1 0 0 0 0 q6_K_o1024_n3
29 0 1024 4 1 1 0 2 14 5120 1024 1 1 0 0 0 0 0 5120 4 1 1 0 0 0 0 q6_K_o1024_n4
29 0 1024 5 1 1 0 2 14 5120 1024 1 1 0 0 0 0 0 5120 5 1 1 0 0 0 0 q6_K_o1024_n5
29 0 1024 6 1 1 0 2 14 5120 1024 1 1 0 0 0 0 0 5120 6 1 1 0 0 0 0 q6_K_o1024_n6
29 0 1024 7 1 1 0 2 14 5120 1024 1 1 0 0 0 0 0 5120 7 1 1 0 0 0 0 q6_K_o1024_n7
29 0 1024 8 1 1 0 2 14 5120 1024 1 1 0 0 0 0 0 5120 8 1 1 0 0 0 0 q6_K_o1024_n8
29 0 2048 1 1 1 0 2 14 5120 2048 1 1 0 0 0 0 0 5120 1 1 1 0 0 0 0 q6_K_o2048_n1
29 0 2048 2 1 1 0 2 14 5120 2048 1 1 0 0 0 0 0 5120 2 1 1 0 0 0 0 q6_K_o2048_n2
29 0 2048 3 1 1 0 2 14 5120 2048 1 1 0 0 0 0 0 5120 3 1 1 0 0 0 0 q6_K_o2048_n3
29 0 2048 4 1 1 0 2 14 5120 2048 1 1 0 0 0 0 0 5120 4 1 1 0 0 0 0 q6_K_o2048_n4
29 0 2048 5 1 1 0 2 14 5120 2048 1 1 0 0 0 0 0 5120 5 1 1 0 0 0 0 q6_K_o2048_n5
29 0 2048 6 1 1 0 2 14 5120 2048 1 1 0 0 0 0 0 5120 6 1 1 0 0 0 0 q6_K_o2048_n6
29 0 2048 7 1 1 0 2 14 5120 2048 1 1 0 0 0 0 0 5120 7 1 1 0 0 0 0 q6_K_o2048_n7
29 0 2048 8 1 1 0 2 14 5120 2048 1 1 0 0 0 0 0 5120 8 1 1 0 0 0 0 q6_K_o2048_n8
29 0 4096 1 1 1 0 2 14 5120 4096 1 1 0 0 0 0 0 5120 1 1 1 0 0 0 0 q6_K_o4096_n1
29 0 4096 2 1 1 0 2 14 5120 4096 1 1 0 0 0 0 0 5120 2 1 1 0 0 0 0 q6_K_o4096_n2
29 0 4096 3 1 1 0 2 14 5120 4096 1 1 0 0 0 0 0 5120 3 1 1 0 0 0 0 q6_K_o4096_n3
29 0 4096 4 1 1 0 2 14 5120 4096 1 1 0 0 0 0 0 5120 4 1 1 0 0 0 0 q6_K_o4096_n4
29 0 4096 5 1 1 0 2 14 5120 4096 1 1 0 0 0 0 0 5120 5 1 1 0 0 0 0 q6_K_o4096_n5
29 0 4096 6 1 1 0 2 14 5120 4096 1 1 0 0 0 0 0 5120 6 1 1 0 0 0 0 q6_K_o4096_n6
29 0 4096 7 1 1 0 2 14 5120 4096 1 1 0 0 0 0 0 5120 7 1 1 0 0 0 0 q6_K_o4096_n7
29 0 4096 8 1 1 0 2 14 5120 4096 1 1 0 0 0 0 0 5120 8 1 1 0 0 0 0 q6_K_o4096_n8
29 0 8192 1 1 1 0 2 14 5120 8192 1 1 0 0 0 0 0 5120 1 1 1 0 0 0 0 q6_K_o8192_n1
29 0 8192 2 1 1 0 2 14 5120 8192 1 1 0 0 0 0 0 5120 2 1 1 0 0 0 0 q6_K_o8192_n2
29 0 8192 3 1 1 0 2 14 5120 8192 1 1 0 0 0 0 0 5120 3 1 1 0 0 0 0 q6_K_o8192_n3
29 0 8192 4 1 1 0 2 14 5120 8192 1 1 0 0 0 0 0 5120 4 1 1 0 0 0 0 q6_K_o8192_n4
29 0 8192 5 1 1 0 2 14 5120 8192 1 1 0 0 0 0 0 5120 5 1 1 0 0 0 0 q6_K_o8192_n5
29 0 8192 6 1 1 0 2 14 5120 8192 1 1 0 0 0 0 0 5120 6 1 1 0 0 0 0 q6_K_o8192_n6
29 0 8192 7 1 1 0 2 14 5120 8192 1 1 0 0 0 0 0 5120 7 1 1 0 0 0 0 q6_K_o8192_n7
29 0 8192 8 1 1 0 2 14 5120 8192 1 1 0 0 0 0 0 5120 8 1 1 0 0 0 0 q6_K_o8192_n8
29 0 17408 1 1 1 0 2 14 5120 17408 1 1 0 0 0 0 0 5120 1 1 1 0 0 0 0 q6_K_o17408_n1
29 0 17408 2 1 1 0 2 14 5120 17408 1 1 0 0 0 0 0 5120 2 1 1 0 0 0 0 q6_K_o17408_n2
29 0 17408 3 1 1 0 2 14 5120 17408 1 1 0 0 0 0 0 5120 3 1 1 0 0 0 0 q6_K_o17408_n3
29 0 17408 4 1 1 0 2 14 5120 17408 1 1 0 0 0 0 0 5120 4 1 1 0 0 0 0 q6_K_o17408_n4
29 0 17408 5 1 1 0 2 14 5120 17408 1 1 0 0 0 0 0 5120 5 1 1 0 0 0 0 q6_K_o17408_n5
29 0 17408 6 1 1 0 2 14 5120 17408 1 1 0 0 0 0 0 5120 6 1 1 0 0 0 0 q6_K_o17408_n6
29 0 17408 7 1 1 0 2 14 5120 17408 1 1 0 0 0 0 0 5120 7 1 1 0 0 0 0 q6_K_o17408_n7
29 0 17408 8 1 1 0 2 14 5120 17408 1 1 0 0 0 0 0 5120 8 1 1 0 0 0 0 q6_K_o17408_n8
